3     ;SC  ;19/09/2022 ;3131 ;92579 ;Medium ;23,7 ;1022,50 ;180 ;-200 ;83300000 ;1,003460890 ;240 ;6,727 ;NA     ;NA ;NA ;NA ;6,727 ;0,00 ;0,6210 ;0.1813  ;couch -1.7cm using lasers at GA180
3     ;SC  ;19/09/2022 ;3131 ;NA    ;NA     ;NA   ;NA      ;180 ;NA   ;83300000 ;1,003460890 ;230 ;6,703 ;NA     ;NA ;NA ;NA ;6,703 ;0,00 ;0,6188 ;0.1057  ;NA
3     ;SC  ;19/09/2022 ;3131 ;NA    ;NA     ;NA   ;NA      ;180 ;NA   ;83300000 ;1,003460890 ;220 ;6,690 ;NA     ;NA ;NA ;NA ;6,690 ;0,00 ;0,6176 ;0.0610  ;NA
3     ;SC  ;19/09/2022 ;3131 ;NA    ;NA     ;NA   ;NA      ;180 ;NA   ;83300000 ;1,003460890 ;210 ;6,679 ;NA     ;NA ;NA ;NA ;6,679 ;0,00 ;0,6166 ;0.0937  ;NA
3     ;SC  ;19/09/2022 ;3131 ;NA    ;NA     ;NA   ;NA      ;180 ;NA   ;83300000 ;1,003460890 ;200 ;6,673 ;NA     ;NA ;NA ;NA ;6,673 ;0,00 ;0,6160 ;0.1430  ;NA
3     ;SC  ;19/09/2022 ;3131 ;NA    ;NA     ;NA   ;NA      ;180 ;NA   ;83300000 ;1,003460890 ;190 ;6,669 ;NA     ;NA ;NA ;NA ;6,669 ;0,00 ;0,6156 ;0.1853  ;NA
3     ;SC  ;19/09/2022 ;3131 ;NA    ;NA     ;NA   ;NA      ;180 ;NA   ;83300000 ;1,003460890 ;180 ;6,669 ;NA     ;NA ;NA ;NA ;6,669 ;0,00 ;0,6156 ;0.2089  ;NA
3     ;SC  ;19/09/2022 ;3131 ;NA    ;NA     ;NA   ;NA      ;180 ;NA   ;83300000 ;1,003460890 ;170 ;6,674 ;NA     ;NA ;NA ;NA ;6,674 ;0,00 ;0,6161 ;0.2146  ;NA
3     ;SC  ;19/09/2022 ;3131 ;NA    ;NA     ;NA   ;NA      ;180 ;NA   ;83300000 ;1,003460890 ;160 ;6,696 ;NA     ;NA ;NA ;NA ;6,696 ;0,00 ;0,6181 ;0.3955  ;NA
3     ;SC  ;19/09/2022 ;3131 ;NA    ;NA     ;NA   ;NA      ;180 ;NA   ;83300000 ;1,003460890 ;150 ;6,709 ;NA     ;NA ;NA ;NA ;6,709 ;0,00 ;0,6193 ;0.2821  ;NA
3     ;SC  ;19/09/2022 ;3131 ;NA    ;NA     ;NA   ;NA      ;180 ;NA   ;83300000 ;1,003460890 ;140 ;6,738 ;NA     ;NA ;NA ;NA ;6,738 ;0,00 ;0,6220 ;0.2113  ;NA
x   3 ;SC  ;19/09/2022 ;3131 ;NA    ;NA     ;NA   ;NA      ;180 ;NA   ;83300000 ;1,003460890 ;130 ;6,798 ;NA     ;NA ;NA ;NA ;6,798 ;0,00 ;0,6276 ;0.3691  ;NA
Y   3     ;SC  ;19/09/2022 ;3131 ;NA    ;NA     ;NA   ;NA      ;180 ;NA   ;83300000 ;1,003460890 ;120 ;6,872 ;NA     ;NA ;NA ;NA ;6,872 ;0,00 ;0,6344 ;0.3732  ;NA
3     ;SC  ;19/09/2022 ;3131 ;NA    ;NA     ;NA   ;NA      ;180 ;NA   ;83300000 ;1,003460890 ;110 ;6,987 ;NA     ;NA ;NA ;NA ;6,987 ;0,00 ;0,6450 ;0.4676  ;NA
3     ;SC  ;19/09/2022 ;3131 ;NA    ;NA     ;NA   ;NA      ;180 ;NA   ;83300000 ;1,003460890 ;100 ;7,150 ;NA     ;NA ;NA ;NA ;7,150 ;0,00 ;0,6601 ;0.5283  ;NA
3     ;SC  ;19/09/2022 ;3131 ;NA    ;NA     ;NA   ;NA      ;180 ;NA   ;83300000 ;1,003460890 ; 90 ;7,407 ;NA     ;NA ;NA ;NA ;7,407 ;0,00 ;0,6838 ;0.6479  ;NA
3     ;SC  ;19/09/2022 ;3131 ;NA    ;NA     ;NA   ;NA      ;180 ;NA   ;83300000 ;1,003460890 ; 80 ;7,824 ;NA     ;NA ;NA ;NA ;7,824 ;0,00 ;0,7223 ;0.8247  ;NA
3     ;SC  ;19/09/2022 ;3131 ;NA    ;NA     ;NA   ;NA      ;180 ;NA   ;83300000 ;1,003460890 ; 70 ;8,655 ;NA     ;NA ;NA ;NA ;8,655 ;0,00 ;0,7990 ;1.3871  ;NA
3     ;SC  ;19/09/2022 ;3131 ;92579 ;Medium ;23,7 ;1022,50 ;180 ;-200 ;83300000 ;1,003460890 ;240 ;6,722 ;NA     ;NA ;NA ;NA ;6,722 ;0,00 ;0,6205 ;0.1068  ;couch -1.6cm for lasers at GA0
3     ;SC  ;19/09/2022 ;3131 ;NA    ;NA     ;NA   ;NA      ;180 ;NA   ;83300000 ;1,003460890 ;230 ;6,699 ;NA     ;NA ;NA ;NA ;6,699 ;0,00 ;0,6184 ;0.0460  ;NA
3     ;SC  ;19/09/2022 ;3131 ;NA    ;NA     ;NA   ;NA      ;180 ;NA   ;83300000 ;1,003460890 ;220 ;6,697 ;NA     ;NA ;NA ;NA ;6,697 ;0,00 ;0,6182 ;0.1657  ;NA
3     ;SC  ;19/09/2022 ;3131 ;NA    ;NA     ;NA   ;NA      ;180 ;NA   ;83300000 ;1,003460890 ;210 ;6,691 ;NA     ;NA ;NA ;NA ;6,691 ;0,00 ;0,6177 ;0.2736  ;NA
3     ;SC  ;19/09/2022 ;3131 ;NA    ;NA     ;NA   ;NA      ;180 ;NA   ;83300000 ;1,003460890 ;200 ;6,671 ;NA     ;NA ;NA ;NA ;6,671 ;0,00 ;0,6158 ;0.1130  ;NA
3     ;SC  ;19/09/2022 ;3131 ;NA    ;NA     ;NA   ;NA      ;180 ;NA   ;83300000 ;1,003460890 ;190 ;6,671 ;NA     ;NA ;NA ;NA ;6,671 ;0,00 ;0,6158 ;0.2153  ;NA
3     ;SC  ;19/09/2022 ;3131 ;NA    ;NA     ;NA   ;NA      ;180 ;NA   ;83300000 ;1,003460890 ;180 ;6,667 ;NA     ;NA ;NA ;NA ;6,667 ;0,00 ;0,6155 ;0.1788  ;NA
3     ;SC  ;19/09/2022 ;3131 ;NA    ;NA     ;NA   ;NA      ;180 ;NA   ;83300000 ;1,003460890 ;170 ;6,668 ;NA     ;NA ;NA ;NA ;6,668 ;0,00 ;0,6156 ;0.1245  ;NA
3     ;SC  ;19/09/2022 ;3131 ;NA    ;NA     ;NA   ;NA      ;180 ;NA   ;83300000 ;1,003460890 ;160 ;6,688 ;NA     ;NA ;NA ;NA ;6,688 ;0,00 ;0,6174 ;0.2755  ;NA
3     ;SC  ;19/09/2022 ;3131 ;NA    ;NA     ;NA   ;NA      ;180 ;NA   ;83300000 ;1,003460890 ;150 ;6,703 ;NA     ;NA ;NA ;NA ;6,703 ;0,00 ;0,6188 ;0.1924  ;NA
3     ;SC  ;19/09/2022 ;3131 ;NA    ;NA     ;NA   ;NA      ;180 ;NA   ;83300000 ;1,003460890 ;140 ;6,741 ;NA     ;NA ;NA ;NA ;6,741 ;0,00 ;0,6223 ;0.2559  ;NA
x   3 ;SC  ;19/09/2022 ;3131 ;NA    ;NA     ;NA   ;NA      ;180 ;NA   ;83300000 ;1,003460890 ;130 ;6,797 ;NA     ;NA ;NA ;NA ;6,797 ;0,00 ;0,6275 ;0.3543  ;NA
Y   3     ;SC  ;19/09/2022 ;3131 ;NA    ;NA     ;NA   ;NA      ;180 ;NA   ;83300000 ;1,003460890 ;120 ;6,872 ;NA     ;NA ;NA ;NA ;6,872 ;0,00 ;0,6344 ;0.3732  ;NA
3     ;SC  ;19/09/2022 ;3131 ;NA    ;NA     ;NA   ;NA      ;180 ;NA   ;83300000 ;1,003460890 ;110 ;6,980 ;NA     ;NA ;NA ;NA ;6,980 ;0,00 ;0,6444 ;0.3669  ;NA
3     ;SC  ;19/09/2022 ;3131 ;NA    ;NA     ;NA   ;NA      ;180 ;NA   ;83300000 ;1,003460890 ;100 ;7,146 ;NA     ;NA ;NA ;NA ;7,146 ;0,00 ;0,6597 ;0.4721  ;NA
3     ;SC  ;19/09/2022 ;3131 ;NA    ;NA     ;NA   ;NA      ;180 ;NA   ;83300000 ;1,003460890 ; 90 ;7,408 ;NA     ;NA ;NA ;NA ;7,408 ;0,00 ;0,6839 ;0.6615  ;NA
3     ;SC  ;19/09/2022 ;3131 ;NA    ;NA     ;NA   ;NA      ;180 ;NA   ;83300000 ;1,003460890 ; 80 ;7,827 ;NA     ;NA ;NA ;NA ;7,827 ;0,00 ;0,7226 ;0.8633  ;NA
3     ;SC  ;19/09/2022 ;3131 ;NA    ;NA     ;NA   ;NA      ;180 ;NA   ;83300000 ;1,003460890 ; 70 ;8,647 ;NA     ;NA ;NA ;NA ;8,647 ;0,00 ;0,7982 ;1.2934  ;NA
3     ;SC  ;19/09/2022 ;3131 ;92579 ;Medium ;23,7 ;1022,50 ; 90 ;-200 ;83300000 ;1,003460890 ;240 ;6,723 ;NA     ;NA ;NA ;NA ;6,723 ;0,00 ;0,6206 ;0.1217  ;NA
3     ;SC  ;19/09/2022 ;3131 ;NA    ;NA     ;NA   ;NA      ; 90 ;NA   ;83300000 ;1,003460890 ;230 ;6,699 ;NA     ;NA ;NA ;NA ;6,699 ;0,00 ;0,6184 ;0.0460  ;NA
3     ;SC  ;19/09/2022 ;3131 ;NA    ;NA     ;NA   ;NA      ; 90 ;NA   ;83300000 ;1,003460890 ;220 ;6,684 ;NA     ;NA ;NA ;NA ;6,684 ;0,00 ;0,6170 ;-0.0287 ;NA
3     ;SC  ;19/09/2022 ;3131 ;NA    ;NA     ;NA   ;NA      ; 90 ;NA   ;83300000 ;1,003460890 ;210 ;6,690 ;NA     ;NA ;NA ;NA ;6,690 ;0,00 ;0,6176 ;0.2586  ;NA
3     ;SC  ;19/09/2022 ;3131 ;NA    ;NA     ;NA   ;NA      ; 90 ;NA   ;83300000 ;1,003460890 ;200 ;6,675 ;NA     ;NA ;NA ;NA ;6,675 ;0,00 ;0,6162 ;0.1730  ;NA
3     ;SC  ;19/09/2022 ;3131 ;NA    ;NA     ;NA   ;NA      ; 90 ;NA   ;83300000 ;1,003460890 ;190 ;6,657 ;NA     ;NA ;NA ;NA ;6,657 ;0,00 ;0,6145 ;0.0050  ;NA
3     ;SC  ;19/09/2022 ;3131 ;NA    ;NA     ;NA   ;NA      ; 90 ;NA   ;83300000 ;1,003460890 ;180 ;6,657 ;NA     ;NA ;NA ;NA ;6,657 ;0,00 ;0,6145 ;0.0286  ;NA
3     ;SC  ;19/09/2022 ;3131 ;NA    ;NA     ;NA   ;NA      ; 90 ;NA   ;83300000 ;1,003460890 ;170 ;6,667 ;NA     ;NA ;NA ;NA ;6,667 ;0,00 ;0,6155 ;0.1095  ;NA
3     ;SC  ;19/09/2022 ;3131 ;NA    ;NA     ;NA   ;NA      ; 90 ;NA   ;83300000 ;1,003460890 ;160 ;6,678 ;NA     ;NA ;NA ;NA ;6,678 ;0,00 ;0,6165 ;0.1256  ;NA
3     ;SC  ;19/09/2022 ;3131 ;NA    ;NA     ;NA   ;NA      ; 90 ;NA   ;83300000 ;1,003460890 ;150 ;6,704 ;NA     ;NA ;NA ;NA ;6,704 ;0,00 ;0,6189 ;0.2074  ;NA
3     ;SC  ;19/09/2022 ;3131 ;NA    ;NA     ;NA   ;NA      ; 90 ;NA   ;83300000 ;1,003460890 ;140 ;6,726 ;NA     ;NA ;NA ;NA ;6,726 ;0,00 ;0,6209 ;0.0328  ;NA
3     ;SC  ;19/09/2022 ;3131 ;NA    ;NA     ;NA   ;NA      ; 90 ;NA   ;83300000 ;1,003460890 ;130 ;6,773 ;NA     ;NA ;NA ;NA ;6,773 ;0,00 ;0,6253 ;-0.0001 ;NA
3     ;SC  ;19/09/2022 ;3131 ;NA    ;NA     ;NA   ;NA      ; 90 ;NA   ;83300000 ;1,003460890 ;120 ;6,860 ;NA     ;NA ;NA ;NA ;6,860 ;0,00 ;0,6333 ;0.1979  ;NA
3     ;SC  ;19/09/2022 ;3131 ;NA    ;NA     ;NA   ;NA      ; 90 ;NA   ;83300000 ;1,003460890 ;110 ;6,964 ;NA     ;NA ;NA ;NA ;6,964 ;0,00 ;0,6429 ;0.1368  ;NA
3     ;SC  ;19/09/2022 ;3131 ;NA    ;NA     ;NA   ;NA      ; 90 ;NA   ;83300000 ;1,003460890 ;100 ;7,129 ;NA     ;NA ;NA ;NA ;7,129 ;0,00 ;0,6581 ;0.2331  ;NA
3     ;SC  ;19/09/2022 ;3131 ;NA    ;NA     ;NA   ;NA      ; 90 ;NA   ;83300000 ;1,003460890 ; 90 ;7,380 ;NA     ;NA ;NA ;NA ;7,380 ;0,00 ;0,6813 ;0.2810  ;NA
3     ;SC  ;19/09/2022 ;3131 ;NA    ;NA     ;NA   ;NA      ; 90 ;NA   ;83300000 ;1,003460890 ; 80 ;7,769 ;NA     ;NA ;NA ;NA ;7,769 ;0,00 ;0,7172 ;0.1159  ;NA
3     ;SC  ;19/09/2022 ;3131 ;NA    ;NA     ;NA   ;NA      ; 90 ;NA   ;83300000 ;1,003460890 ; 70 ;8,542 ;NA     ;NA ;NA ;NA ;8,542 ;0,00 ;0,7886 ;0.0634  ;NA
3     ;SC  ;19/09/2022 ;3131 ;92579 ;Medium ;23,6 ;1022,50 ;270 ;-200 ;83300000 ;1,003122854 ;240 ;6,737 ;NA     ;NA ;NA ;NA ;6,737 ;0,00 ;0,6217 ;0.2964  ;NA
3     ;SC  ;19/09/2022 ;3131 ;NA    ;NA     ;NA   ;NA      ;270 ;NA   ;83300000 ;1,003122854 ;230 ;6,718 ;NA     ;NA ;NA ;NA ;6,718 ;0,00 ;0,6200 ;0.2959  ;NA
3     ;SC  ;19/09/2022 ;3131 ;NA    ;NA     ;NA   ;NA      ;270 ;NA   ;83300000 ;1,003122854 ;220 ;6,708 ;NA     ;NA ;NA ;NA ;6,708 ;0,00 ;0,6190 ;0.2964  ;NA
3     ;SC  ;19/09/2022 ;3131 ;NA    ;NA     ;NA   ;NA      ;270 ;NA   ;83300000 ;1,003122854 ;210 ;6,694 ;NA     ;NA ;NA ;NA ;6,694 ;0,00 ;0,6177 ;0.2847  ;NA
3     ;SC  ;19/09/2022 ;3131 ;NA    ;NA     ;NA   ;NA      ;270 ;NA   ;83300000 ;1,003122854 ;200 ;6,679 ;NA     ;NA ;NA ;NA ;6,679 ;0,00 ;0,6164 ;0.1993  ;NA
3     ;SC  ;19/09/2022 ;3131 ;NA    ;NA     ;NA   ;NA      ;270 ;NA   ;83300000 ;1,003122854 ;190 ;6,682 ;NA     ;NA ;NA ;NA ;6,682 ;0,00 ;0,6166 ;0.3468  ;NA
3     ;SC  ;19/09/2022 ;3131 ;NA    ;NA     ;NA   ;NA      ;270 ;NA   ;83300000 ;1,003122854 ;180 ;6,678 ;NA     ;NA ;NA ;NA ;6,678 ;0,00 ;0,6163 ;0.3103  ;NA
3     ;SC  ;19/09/2022 ;3131 ;NA    ;NA     ;NA   ;NA      ;270 ;NA   ;83300000 ;1,003122854 ;170 ;6,682 ;NA     ;NA ;NA ;NA ;6,682 ;0,00 ;0,6166 ;0.3010  ;NA
3     ;SC  ;19/09/2022 ;3131 ;NA    ;NA     ;NA   ;NA      ;270 ;NA   ;83300000 ;1,003122854 ;160 ;6,692 ;NA     ;NA ;NA ;NA ;6,692 ;0,00 ;0,6176 ;0.3017  ;NA
3     ;SC  ;19/09/2022 ;3131 ;NA    ;NA     ;NA   ;NA      ;270 ;NA   ;83300000 ;1,003122854 ;150 ;6,717 ;NA     ;NA ;NA ;NA ;6,717 ;0,00 ;0,6199 ;0.3679  ;NA
3     ;SC  ;19/09/2022 ;3131 ;NA    ;NA     ;NA   ;NA      ;270 ;NA   ;83300000 ;1,003122854 ;140 ;6,747 ;NA     ;NA ;NA ;NA ;6,747 ;0,00 ;0,6226 ;0.3113  ;NA
3     ;SC  ;19/09/2022 ;3131 ;NA    ;NA     ;NA   ;NA      ;270 ;NA   ;83300000 ;1,003122854 ;130 ;6,789 ;NA     ;NA ;NA ;NA ;6,789 ;0,00 ;0,6265 ;0.2024  ;NA
3     ;SC  ;19/09/2022 ;3131 ;NA    ;NA     ;NA   ;NA      ;270 ;NA   ;83300000 ;1,003122854 ;120 ;6,869 ;NA     ;NA ;NA ;NA ;6,869 ;0,00 ;0,6339 ;0.2956  ;NA
3     ;SC  ;19/09/2022 ;3131 ;NA    ;NA     ;NA   ;NA      ;270 ;NA   ;83300000 ;1,003122854 ;110 ;6,971 ;NA     ;NA ;NA ;NA ;6,971 ;0,00 ;0,6433 ;0.2037  ;NA
3     ;SC  ;19/09/2022 ;3131 ;NA    ;NA     ;NA   ;NA      ;270 ;NA   ;83300000 ;1,003122854 ;100 ;7,128 ;NA     ;NA ;NA ;NA ;7,128 ;0,00 ;0,6578 ;0.1852  ;NA
3     ;SC  ;19/09/2022 ;3131 ;NA    ;NA     ;NA   ;NA      ;270 ;NA   ;83300000 ;1,003122854 ; 90 ;7,371 ;NA     ;NA ;NA ;NA ;7,371 ;0,00 ;0,6802 ;0.1250  ;NA
3     ;SC  ;19/09/2022 ;3131 ;NA    ;NA     ;NA   ;NA      ;270 ;NA   ;83300000 ;1,003122854 ; 80 ;7,787 ;NA     ;NA ;NA ;NA ;7,787 ;0,00 ;0,7186 ;0.3141  ;NA
3     ;SC  ;19/09/2022 ;3131 ;NA    ;NA     ;NA   ;NA      ;270 ;NA   ;83300000 ;1,003122854 ; 70 ;8,556 ;NA     ;NA ;NA ;NA ;8,556 ;0,00 ;0,7896 ;0.1936  ;NA
3     ;SC  ;19/09/2022 ;3131 ;92579 ;Medium ;23,6 ;1022,50 ;  0 ;-200 ;83300000 ;1,003122854 ;240 ;6,740 ;NA     ;NA ;NA ;NA ;6,740 ;0,00 ;0,6220 ;0.3411  ;NA
3     ;SC  ;19/09/2022 ;3131 ;NA    ;NA     ;NA   ;NA      ;  0 ;NA   ;83300000 ;1,003122854 ;230 ;6,711 ;NA     ;NA ;NA ;NA ;6,711 ;0,00 ;0,6193 ;0.1914  ;NA
3     ;SC  ;19/09/2022 ;3131 ;NA    ;NA     ;NA   ;NA      ;  0 ;NA   ;83300000 ;1,003122854 ;220 ;6,707 ;NA     ;NA ;NA ;NA ;6,707 ;0,00 ;0,6189 ;0.2815  ;NA
3     ;SC  ;19/09/2022 ;3131 ;NA    ;NA     ;NA   ;NA      ;  0 ;NA   ;83300000 ;1,003122854 ;210 ;6,690 ;NA     ;NA ;NA ;NA ;6,690 ;0,00 ;0,6174 ;0.2248  ;NA
3     ;SC  ;19/09/2022 ;3131 ;NA    ;NA     ;NA   ;NA      ;  0 ;NA   ;83300000 ;1,003122854 ;200 ;6,686 ;NA     ;NA ;NA ;NA ;6,686 ;0,00 ;0,6170 ;0.3043  ;NA
3     ;SC  ;19/09/2022 ;3131 ;NA    ;NA     ;NA   ;NA      ;  0 ;NA   ;83300000 ;1,003122854 ;190 ;6,675 ;NA     ;NA ;NA ;NA ;6,675 ;0,00 ;0,6160 ;0.2416  ;NA
3     ;SC  ;19/09/2022 ;3131 ;NA    ;NA     ;NA   ;NA      ;  0 ;NA   ;83300000 ;1,003122854 ;180 ;6,680 ;NA     ;NA ;NA ;NA ;6,680 ;0,00 ;0,6165 ;0.3404  ;NA
3     ;SC  ;19/09/2022 ;3131 ;NA    ;NA     ;NA   ;NA      ;  0 ;NA   ;83300000 ;1,003122854 ;170 ;6,680 ;NA     ;NA ;NA ;NA ;6,680 ;0,00 ;0,6165 ;0.2709  ;NA
3     ;SC  ;19/09/2022 ;3131 ;NA    ;NA     ;NA   ;NA      ;  0 ;NA   ;83300000 ;1,003122854 ;160 ;6,686 ;NA     ;NA ;NA ;NA ;6,686 ;0,00 ;0,6170 ;0.2118  ;NA
3     ;SC  ;19/09/2022 ;3131 ;NA    ;NA     ;NA   ;NA      ;  0 ;NA   ;83300000 ;1,003122854 ;150 ;6,708 ;NA     ;NA ;NA ;NA ;6,708 ;0,00 ;0,6190 ;0.2334  ;NA
3     ;SC  ;19/09/2022 ;3131 ;NA    ;NA     ;NA   ;NA      ;  0 ;NA   ;83300000 ;1,003122854 ;140 ;6,746 ;NA     ;NA ;NA ;NA ;6,746 ;0,00 ;0,6225 ;0.2965  ;NA
3     ;SC  ;19/09/2022 ;3131 ;NA    ;NA     ;NA   ;NA      ;  0 ;NA   ;83300000 ;1,003122854 ;130 ;6,797 ;NA     ;NA ;NA ;NA ;6,797 ;0,00 ;0,6273 ;0.3205  ;NA
3     ;SC  ;19/09/2022 ;3131 ;NA    ;NA     ;NA   ;NA      ;  0 ;NA   ;83300000 ;1,003122854 ;120 ;6,869 ;NA     ;NA ;NA ;NA ;6,869 ;0,00 ;0,6339 ;0.2956  ;NA
3     ;SC  ;19/09/2022 ;3131 ;NA    ;NA     ;NA   ;NA      ;  0 ;NA   ;83300000 ;1,003122854 ;110 ;6,979 ;NA     ;NA ;NA ;NA ;6,979 ;0,00 ;0,6441 ;0.3187  ;NA
3     ;SC  ;19/09/2022 ;3131 ;NA    ;NA     ;NA   ;NA      ;  0 ;NA   ;83300000 ;1,003122854 ;100 ;7,140 ;NA     ;NA ;NA ;NA ;7,140 ;0,00 ;0,6589 ;0.3539  ;NA
3     ;SC  ;19/09/2022 ;3131 ;NA    ;NA     ;NA   ;NA      ;  0 ;NA   ;83300000 ;1,003122854 ; 90 ;7,385 ;NA     ;NA ;NA ;NA ;7,385 ;0,00 ;0,6815 ;0.3152  ;NA
3     ;SC  ;19/09/2022 ;3131 ;NA    ;NA     ;NA   ;NA      ;  0 ;NA   ;83300000 ;1,003122854 ; 80 ;7,790 ;NA     ;NA ;NA ;NA ;7,790 ;0,00 ;0,7189 ;0.3527  ;NA
3     ;SC  ;19/09/2022 ;3131 ;NA    ;NA     ;NA   ;NA      ;  0 ;NA   ;83300000 ;1,003122854 ; 70 ;8,571 ;NA     ;NA ;NA ;NA ;8,571 ;0,00 ;0,7910 ;0.3693  ;NA
3     ;VMA ;22/08/2022 ;3132 ;92579 ;Medium ;22,0 ;1010,60 ;  0 ;-200 ;83700000 ;1,009462540 ;240 ;6,636 ;6,6300 ;NA ;NA ;NA ;6,633 ;0,09 ;0,6189 ;-0.1506 ;Consistency check at GA0. Post ISM
